STARTING RUN FOR jsons/name.json
-------------------------------
Avg time: 390.4480268794333 No. of deployments:30 Deployments avg: 390.8333333333333 Deployments [[1260, 125, 17, 5], [1259, 136, 12], [1260, 126, 20, 1], [1260, 123, 21, 3], [1260, 138, 9], [1260, 124, 20, 3], [1260, 123, 22, 2], [1260, 123, 21, 3], [1259, 124, 19, 5], [1260, 133, 14], [1260, 134, 13], [1260, 134, 13], [1259, 125, 18, 5], [1261, 132, 14], [1260, 136, 11], [1260, 122, 25], [1259, 124, 20, 4], [1260, 122, 17, 8], [1260, 121, 19, 7], [1260, 125, 21, 1], [1261, 134, 12], [1261, 123, 18, 5], [1260, 120, 24, 3], [1259, 126, 21, 1], [1260, 120, 20, 7], [1260, 125, 21, 1], [1260, 124, 18, 5], [1260, 123, 22, 2], [1259, 136, 12], [1260, 121, 21, 5]]

STARTING RUN FOR jsons/name_rel.json
-------------------------------
Avg time: 307.93497502660006 No. of deployments:30 Deployments avg: 469.0 Deployments [[1269, 134, 4], [1269, 133, 5], [1269, 113, 25], [1269, 133, 5], [1269, 132, 6], [1269, 131, 7], [1269, 112, 26], [1269, 112, 26], [1269, 133, 5], [1269, 132, 6], [1269, 112, 26], [1269, 117, 21], [1269, 135, 3], [1269, 133, 5], [1269, 114, 24], [1269, 133, 5], [1269, 129, 9], [1269, 134, 4], [1269, 136, 2], [1269, 133, 5], [1269, 131, 7], [1269, 131, 7], [1269, 135, 3], [1269, 134, 4], [1269, 135, 3], [1269, 114, 24], [1269, 135, 3], [1269, 113, 25], [1269, 117, 21], [1269, 132, 6]]

STARTING RUN FOR jsons/name_rel_stack.json
-------------------------------
Avg time: 285.4267662270334 No. of deployments:30 Deployments avg: 1407.0 Deployments [[1407], [1407], [1407], [1407], [1407], [1407], [1407], [1407], [1407], [1407], [1407], [1407], [1407], [1407], [1407], [1407], [1407], [1407], [1407], [1407], [1407], [1407], [1407], [1407], [1407], [1407], [1407], [1407], [1407], [1407]]

STARTING RUN FOR jsons/name_stack.json
-------------------------------
Avg time: 289.3107407411335 No. of deployments:30 Deployments avg: 601.8833333333333 Deployments [[1391, 16], [1378, 23, 6], [1379, 20, 8], [1377, 30], [1379, 27, 1], [1393, 14], [1391, 16], [1392, 15], [1378, 28, 1], [1379, 27, 1], [1389, 18], [1377, 25, 5], [1380, 19, 8], [1377, 22, 8], [1389, 18], [1380, 18, 9], [1388, 19], [1392, 15], [1377, 25, 5], [1380, 20, 7], [1389, 18], [1377, 27, 3], [1377, 29, 1], [1393, 14], [1391, 16], [1389, 18], [1392, 15], [1391, 16], [1391, 16], [1389, 18]]

STARTING RUN FOR jsons/name_stack_rel.json
-------------------------------
Avg time: 286.58460195123337 No. of deployments:30 Deployments avg: 1407.0 Deployments [[1407], [1407], [1407], [1407], [1407], [1407], [1407], [1407], [1407], [1407], [1407], [1407], [1407], [1407], [1407], [1407], [1407], [1407], [1407], [1407], [1407], [1407], [1407], [1407], [1407], [1407], [1407], [1407], [1407], [1407]]

STARTING RUN FOR jsons/noreqs.json
-------------------------------
Avg time: 295.1762048997332 No. of deployments:30 Deployments avg: 332.98999999999995 Deployments [[797, 468, 127, 15], [798, 443, 154, 12], [800, 445, 135, 24, 3], [798, 485, 109, 15], [795, 458, 127, 19, 8], [798, 473, 121, 15], [800, 462, 135, 10], [796, 465, 131, 15], [800, 450, 128, 21, 8], [799, 441, 152, 15], [797, 446, 148, 16], [798, 472, 128, 9], [800, 443, 136, 21, 7], [800, 478, 102, 27], [799, 460, 136, 12], [796, 464, 131, 16], [795, 452, 142, 18], [799, 446, 132, 29, 1], [797, 470, 129, 11], [800, 475, 102, 23, 7], [798, 471, 125, 13], [796, 462, 139, 10], [798, 460, 140, 9], [798, 477, 118, 14], [798, 453, 127, 29], [796, 476, 108, 20, 7], [799, 460, 120, 19, 9], [798, 458, 133, 18], [797, 479, 116, 15], [798, 450, 140, 19]]

STARTING RUN FOR jsons/rel.json
-------------------------------
Avg time: 292.16953889993357 No. of deployments:30 Deployments avg: 469.0 Deployments [[918, 373, 116], [894, 358, 155], [894, 349, 164], [868, 404, 135], [917, 325, 165], [894, 355, 158], [891, 394, 122], [877, 372, 158], [898, 362, 147], [896, 377, 134], [887, 387, 133], [926, 333, 148], [894, 410, 103], [886, 397, 124], [908, 332, 167], [894, 365, 148], [874, 396, 137], [888, 351, 168], [891, 384, 132], [892, 351, 164], [904, 344, 159], [871, 375, 161], [880, 393, 134], [889, 353, 165], [908, 338, 161], [899, 365, 143], [855, 386, 166], [898, 383, 126], [896, 382, 129], [859, 391, 157]]

STARTING RUN FOR jsons/rel_name.json
-------------------------------
Avg time: 291.02982706956635 No. of deployments:30 Deployments avg: 469.0 Deployments [[1269, 132, 6], [1269, 131, 7], [1269, 130, 8], [1269, 132, 6], [1269, 133, 5], [1269, 114, 24], [1269, 114, 24], [1269, 134, 4], [1269, 132, 6], [1269, 132, 6], [1269, 130, 8], [1269, 133, 5], [1269, 134, 4], [1269, 133, 5], [1269, 133, 5], [1269, 113, 25], [1269, 133, 5], [1269, 113, 25], [1269, 131, 7], [1269, 131, 7], [1269, 131, 7], [1269, 133, 5], [1269, 129, 9], [1269, 135, 3], [1269, 113, 25], [1269, 131, 7], [1269, 130, 8], [1269, 133, 5], [1269, 132, 6], [1269, 134, 4]]

STARTING RUN FOR jsons/rel_name_stack.json
-------------------------------
Avg time: 298.1042851820666 No. of deployments:30 Deployments avg: 1407.0 Deployments [[1407], [1407], [1407], [1407], [1407], [1407], [1407], [1407], [1407], [1407], [1407], [1407], [1407], [1407], [1407], [1407], [1407], [1407], [1407], [1407], [1407], [1407], [1407], [1407], [1407], [1407], [1407], [1407], [1407], [1407]]

STARTING RUN FOR jsons/rel_stack.json
-------------------------------
Avg time: 301.2874462543002 No. of deployments:30 Deployments avg: 531.5333333333333 Deployments [[1221, 185, 1], [1214, 192, 1], [1222, 183, 2], [1181, 225, 1], [1230, 175, 2], [1186, 221], [1223, 182, 2], [1201, 205, 1], [1187, 218, 2], [1209, 198], [1219, 188], [1254, 153], [1221, 184, 2], [1202, 202, 3], [1162, 243, 2], [1219, 187, 1], [1206, 199, 2], [1174, 231, 2], [1184, 219, 4], [1202, 205], [1200, 206, 1], [1206, 200, 1], [1165, 241, 1], [1174, 231, 2], [1189, 216, 2], [1194, 213], [1222, 185], [1241, 165, 1], [1237, 169, 1], [1217, 190]]

STARTING RUN FOR jsons/rel_stack_name.json
-------------------------------
Avg time: 284.5225383954331 No. of deployments:30 Deployments avg: 1407.0 Deployments [[1407], [1407], [1407], [1407], [1407], [1407], [1407], [1407], [1407], [1407], [1407], [1407], [1407], [1407], [1407], [1407], [1407], [1407], [1407], [1407], [1407], [1407], [1407], [1407], [1407], [1407], [1407], [1407], [1407], [1407]]

STARTING RUN FOR jsons/stack.json
-------------------------------
Avg time: 284.86968722430026 No. of deployments:30 Deployments avg: 469.0 Deployments [[1169, 227, 11], [1200, 193, 14], [1187, 210, 10], [1232, 164, 11], [1163, 228, 16], [1198, 201, 8], [1206, 193, 8], [1223, 175, 9], [1171, 222, 14], [1152, 241, 14], [1215, 181, 11], [1205, 192, 10], [1198, 200, 9], [1204, 194, 9], [1152, 245, 10], [1185, 210, 12], [1194, 204, 9], [1182, 214, 11], [1175, 214, 18], [1173, 222, 12], [1186, 207, 14], [1201, 192, 14], [1208, 188, 11], [1181, 216, 10], [1184, 209, 14], [1207, 190, 10], [1182, 216, 9], [1183, 213, 11], [1181, 209, 17], [1188, 202, 17]]

STARTING RUN FOR jsons/stack_name.json
-------------------------------
Avg time: 287.353896784 No. of deployments:30 Deployments avg: 586.25 Deployments [[1391, 16], [1379, 21, 7], [1380, 19, 8], [1377, 23, 7], [1392, 15], [1390, 17], [1377, 27, 3], [1392, 15], [1392, 15], [1392, 15], [1380, 23, 4], [1389, 18], [1380, 25, 2], [1378, 20, 9], [1378, 28, 1], [1377, 22, 8], [1378, 29], [1392, 15], [1379, 23, 5], [1387, 20], [1391, 16], [1377, 28, 2], [1380, 18, 9], [1392, 15], [1377, 22, 8], [1392, 15], [1396, 11], [1380, 21, 6], [1377, 23, 7], [1389, 18]]

STARTING RUN FOR jsons/stack_name_rel.json
-------------------------------
Avg time: 290.043677686733 No. of deployments:30 Deployments avg: 1407.0 Deployments [[1407], [1407], [1407], [1407], [1407], [1407], [1407], [1407], [1407], [1407], [1407], [1407], [1407], [1407], [1407], [1407], [1407], [1407], [1407], [1407], [1407], [1407], [1407], [1407], [1407], [1407], [1407], [1407], [1407], [1407]]

STARTING RUN FOR jsons/stack_rel.json
-------------------------------
Avg time: 296.8493137591994 No. of deployments:30 Deployments avg: 508.0833333333333 Deployments [[1214, 190, 3], [1181, 225, 1], [1239, 167, 1], [1221, 183, 3], [1213, 192, 2], [1216, 190, 1], [1191, 216], [1207, 198, 2], [1199, 206, 2], [1186, 218, 3], [1202, 204, 1], [1251, 156], [1235, 171, 1], [1210, 195, 2], [1182, 223, 2], [1208, 199], [1206, 199, 2], [1185, 220, 2], [1178, 227, 2], [1227, 179, 1], [1183, 221, 3], [1204, 201, 2], [1193, 212, 2], [1178, 227, 2], [1201, 205, 1], [1197, 210], [1191, 216], [1214, 191, 2], [1205, 201, 1], [1162, 243, 2]]

STARTING RUN FOR jsons/stack_rel_name.json
-------------------------------
Avg time: 291.34626551053276 No. of deployments:30 Deployments avg: 1407.0 Deployments [[1407], [1407], [1407], [1407], [1407], [1407], [1407], [1407], [1407], [1407], [1407], [1407], [1407], [1407], [1407], [1407], [1407], [1407], [1407], [1407], [1407], [1407], [1407], [1407], [1407], [1407], [1407], [1407], [1407], [1407]]

STARTING RUN FOR jsons/std.json
-------------------------------
Avg time: 319.5461769410671 No. of deployments:30 Deployments avg: 469.0 Deployments [[1087, 297, 23], [1096, 294, 17], [1093, 294, 20], [1096, 294, 17], [1093, 294, 20], [1090, 296, 21], [1090, 295, 22], [1096, 297, 14], [1093, 300, 14], [1096, 291, 20], [1087, 301, 19], [1087, 299, 21], [1087, 301, 19], [1093, 294, 20], [1087, 298, 22], [1096, 295, 16], [1096, 292, 19], [1087, 304, 16], [1093, 290, 24], [1090, 298, 19], [1099, 286, 22], [1084, 307, 16], [1096, 288, 23], [1087, 303, 17], [1093, 294, 20], [1090, 300, 17], [1087, 295, 25], [1099, 284, 24], [1090, 300, 17], [1084, 300, 23]]

